419181069
1385256782
2247507575
2239445641
3371792158
1328824678807465987
137583689
533340704
543954514
448562247
270044966
4044682379
66816759
270689028
1005432853
301680035
362258536
318181107
2287613209
368148234
35936474
50811932
2645857315
47506568
3226630966
1970183568
165152266
241692721
257699456
545663382
3307421506
91225009
135323628
73058561
629706262
3184977160
233414838
772164285388709888
253527338
257492235
3353240464
180990505
156521166
4759046009
612792060
2221922403
1563943224
39676694
1247963970503393280
416814339
269552973
25015718
16812787
401513961
851651556
2453367787
295906573
315331827
480386538
150367583
1063034450
2330719896
1146665484210884608
330590874
40571386
320587599
852206745070051328
344798709
889276999
2753983501
1323936524
28066436
155674676
1546561830
224323175
339241519
457459276
900192978
29356531
1039001280
42562446
116485600
99208535
40805394
493132801
273080747
207723015
1703636814
922918128543289349
187332522
231209225
720405636182216704
164326175
92337777
532817694
53643297
80480330
266819783
3048710452
1708510310
920109486899105792
143203547
55749605
758169362964643840
62203990
3081680043
2328804703
706224606
1096007496
255792011
64495435
159113258
54438929
24423418
133726414
2272672902
23083404
272616327
232049361
234661277
167821244
4548522376
3834430036
237073728
994335752312979463
1011647002776670209
125408809
263465785
1684946220
135026973
270072188
3228860910
53853197
96706848
797153299287998464
2888477464
2797019768
555393138
3695411717
4890418741
316855068
1100946718693224448
174520063
151284668
1177527576
1077978352567361536
279697145
288535111
306582939
699844978286006272
313441661
149308566
2885590794
961240824
607519948
1695755586
761925940733542400
405205681
935323794
1350034990608896003
1350034990608896003
756825420
41861751
403023272
3051555746
1327014184953921537
54780126
424609982
380601140
188621689
2895135060
244800486
1367322109
217160945
24838521
191165672
2368216597
3305641571
704143071248658432
1082311439694659584
1022960174468931584
450775222
372439064
272562079
34430522
1081639564228345860
2412019869
1468865215
2766430999
281649695
190059955
311623066
3297734223
3225971468
1151444386590470144
1328268714
1275824260091719682
1318989560
2623831606
3392241687
320347737
1947772669
85617701
364013199
714803670
58876802
560820176
289141917
1030914242
2279776304
347265384
213455037
1248694675453681665
510401871
309516587
508281049
58667088
585978299
294380360
1508093396
2385272859
1596720342
466241497
723230392787046401
3371781221
70926844
4068844265
37922674
551374030
1119732410223079424
3207459490
1129909087968387073
1496970942
467967001
150846769
1413547332
2842841126
1553895072
273532957
276259411
3460451776
991756067938840577
46704247
538636537
725760931616165889
552289108
2459069099
2818055450
188120286
898070401
259030794
3422695780
555653709
255199842
356859571
64307053
388014562
2352361094
331283041
76205861
108147336
281405595
277095600
862216146
3996123136
76809678
791091279580889089
141090757
155782494
329842989
143140326
562362256
1496917872
614024492
2172852233
1020462517288460288
2200131510
3194567322
231335961
2423100775
1219006272533647362
153307097
216354223
822469101620723717
614127319
777296457980260353
4802352444
48028402
3103332430
138273884
992286303201869824
925030084276301830
542457164
35982046
2971038080
529603839
186981881
351118737
975483243972751363
498470505
171774400
736042213138796546
126458229
3855639340
515871694
1009296320
1108090623884705794
3184000707
725874444674187264
1336870577265643521
74856177
1317724028
889153467578798080
1628495018
560500094
3650897294
214789418
1734299208
309810799
31451582
348288809
73495696
320758559
69500255
3011471122
2513781202
2949958191
2873604528
2963321445
87080278
78193153
979379982
37534613
2421052888
1444425812
42384760
358938695
359629667
233810051
2399027815
4837832648
262470158
302111485
2952137993
267425142
2516401399
92903456
487962301
1306089967
2866061922
1242198056
2917863321
72362869
59297233
151728579
609548724
289953159
38026892
488026266
577133099
234608321
289760136
1102950979
1162034317
1463892300
334150573
284326648
460116210
3613501949
3255273577
233990070
1124136264637276161
190885289
888161623155896321
1031967637561954304
222932212
2445047678
61288678
2922422651
334148848
132752344
53401921
299242570
381750947
392875860
3301348460
364970961
4809548058
87874905
2570218520
2413645688
241354214
132389474
296065053
608751926
86651903
2214875666
367771939
381841868
1358510274
753792894486675457
393722870
1330265679191285761
1164534054
3165563219
3137291923
1315958215
1562059801
2227318080
230278157
1253284927
3016871537
909102066
98576365
364032864
318095329
3080699645
325164911
164557288
2505882546
3040127878
2174694339
1232718849868304384
337538661
3383587455
248829112
561653498
43658360
70579753
37367041
1015336832786190339
232901524
48176112
1005789476
831524135847211008
2342361019
1470978146
100874855
18139461
18552281
20265254
16201775
73406718
26270913
19564719
20346956
18481113
667563
16212685
19263978
16727749
19409270
15900167
17292143
21308488
11026952
19537303
14992591
26074296
20196159
24925573
6395222
18360370
22185437
19077044
7117962
24903350
18371803
